[environment]
Iges=(0.0093886,0.0093886,0.018406)
g=9.81
m=1.022
kT=1.5e1
kQ=3e-01
d=0.22
IM=4.4466e-06